        1   1       0.679252       0.000000       0.000000       0.000000
        1   2       0.679252       0.000000       0.000000       0.000000
        1   3       0.679252       0.000000       0.000000       0.000000
        2   1       0.507468       0.717862      -0.717862       0.717862
        2   2       0.654765      -0.084876      -0.292621      -0.084876
        2   3       0.654765       0.292621       0.084876       0.292622
        3   1       0.228116       0.702358      -0.702358       0.702358
        3   2       0.616683      -0.080510      -0.240826      -0.080510
        3   3       0.616683       0.240826       0.080510       0.240825
        4   1       0.051492       0.000000       0.000000       0.000000
        4   2       0.601241      -0.000000      -0.000000      -0.000000
        4   3       0.601241       0.000000       0.000000       0.000000
        5   1       0.228116      -0.702358       0.702358      -0.702358
        5   2       0.616683      -0.240826      -0.080510      -0.240825
        5   3       0.616683       0.080510       0.240826       0.080510
        6   1       0.507468      -0.717862       0.717862      -0.717862
        6   2       0.654765      -0.292621      -0.084876      -0.292622
        6   3       0.654765       0.084876       0.292621       0.084876
        7   1       0.507468      -0.717862      -0.717862      -0.717862
        7   2       0.654765      -0.292622      -0.292621      -0.292621
        7   3       0.654765       0.084876       0.084876       0.084876
        8   1       0.551488      -0.000000      -0.806495       0.000000
        8   2       0.597427      -0.000000      -0.503184       0.000000
        8   3       0.597427      -0.000000      -0.503184       0.000000
        9   1       0.332032       0.713038      -0.643608       0.713038
        9   2       0.547572      -0.108669      -0.782100      -0.108670
        9   3       0.550560      -0.108696      -0.418346      -0.108695
       10   1       0.109051       0.476524      -0.150024       0.476524
       10   2       0.476043      -0.267442      -0.975327      -0.267442
       10   3       0.549760      -0.211033      -0.233481      -0.211032
       11   1       0.172334      -0.458315       0.758135      -0.458315
       11   2       0.444291      -0.457423      -0.933736      -0.457423
       11   3       0.593929      -0.250359      -0.027457      -0.250358
       12   1       0.396379      -0.706518      -0.000000      -0.706518
       12   2       0.499625      -0.557896      -0.000000      -0.557896
       12   3       0.651064      -0.157960       0.000000      -0.157960
       13   1       0.228116      -0.702358      -0.702358      -0.702358
       13   2       0.616683      -0.240825      -0.240826      -0.240826
       13   3       0.616683       0.080510       0.080510       0.080510
       14   1       0.332032      -0.713038      -0.643608      -0.713038
       14   2       0.547572       0.108670      -0.782100       0.108669
       14   3       0.550560       0.108695      -0.418346       0.108696
       15   1       0.313491       0.000000      -1.050227      -0.000000
       15   2       0.486709       0.000000      -0.320292      -0.000000
       15   3       0.486709       0.000000      -0.320292      -0.000000
       16   1       0.179809       0.121331      -0.603767       0.121331
       16   2       0.358815       0.425658      -0.470808       0.425657
       16   3       0.474162      -0.147007      -0.157874      -0.147007
       17   1       0.164166      -0.164987       0.000000      -0.164987
       17   2       0.263719      -0.177010      -0.000000      -0.177010
       17   3       0.518675      -0.266447      -0.000000      -0.266447
       18   1       0.172334      -0.458315      -0.758135      -0.458315
       18   2       0.444291      -0.457423       0.933736      -0.457423
       18   3       0.593929      -0.250358       0.027457      -0.250359
       19   1       0.051492       0.000000      -0.000000      -0.000000
       19   2       0.601241      -0.000000      -0.000000      -0.000000
       19   3       0.601241       0.000000       0.000000       0.000000
       20   1       0.109051      -0.476524      -0.150024      -0.476524
       20   2       0.476043       0.267442      -0.975327       0.267442
       20   3       0.549760       0.211032      -0.233481       0.211033
       21   1       0.179809      -0.121331      -0.603767      -0.121331
       21   2       0.358815      -0.425657      -0.470808      -0.425658
       21   3       0.474162       0.147007      -0.157874       0.147007
       22   1       0.107580      -0.000000      -0.000000      -0.000000
       22   2       0.443971      -0.000000      -0.000000      -0.000000
       22   3       0.443971       0.000000       0.000000       0.000000
       23   1       0.179809       0.121331       0.603767       0.121331
       23   2       0.358815       0.425657       0.470808       0.425658
       23   3       0.474162      -0.147007       0.157874      -0.147007
       24   1       0.109051       0.476524       0.150024       0.476524
       24   2       0.476043      -0.267442       0.975327      -0.267442
       24   3       0.549760      -0.211032       0.233481      -0.211033
       25   1       0.228116       0.702358       0.702358       0.702358
       25   2       0.616683      -0.080510      -0.080510      -0.080510
       25   3       0.616683       0.240825       0.240826       0.240826
       26   1       0.172334       0.458315       0.758135       0.458315
       26   2       0.444291       0.457423      -0.933736       0.457423
       26   3       0.593929       0.250358      -0.027457       0.250359
       27   1       0.164166       0.164987       0.000000       0.164987
       27   2       0.263719       0.177010       0.000000       0.177010
       27   3       0.518675       0.266447       0.000000       0.266447
       28   1       0.179809      -0.121331       0.603767      -0.121331
       28   2       0.358815      -0.425658       0.470808      -0.425657
       28   3       0.474162       0.147007       0.157874       0.147007
       29   1       0.313491      -0.000000       1.050227       0.000000
       29   2       0.486709      -0.000000       0.320292       0.000000
       29   3       0.486709      -0.000000       0.320292       0.000000
       30   1       0.332032       0.713038       0.643608       0.713038
       30   2       0.547572      -0.108670       0.782100      -0.108669
       30   3       0.550560      -0.108695       0.418346      -0.108696
       31   1       0.507468       0.717862       0.717862       0.717862
       31   2       0.654765      -0.084876      -0.084876      -0.084876
       31   3       0.654765       0.292622       0.292621       0.292621
       32   1       0.396379       0.706518      -0.000000       0.706518
       32   2       0.499625       0.557896       0.000000       0.557896
       32   3       0.651064       0.157960      -0.000000       0.157960
       33   1       0.172334       0.458315      -0.758135       0.458315
       33   2       0.444291       0.457423       0.933736       0.457423
       33   3       0.593929       0.250359       0.027457       0.250358
       34   1       0.109051      -0.476524       0.150024      -0.476524
       34   2       0.476043       0.267442       0.975327       0.267442
       34   3       0.549760       0.211033       0.233481       0.211032
       35   1       0.332032      -0.713038       0.643608      -0.713038
       35   2       0.547572       0.108669       0.782100       0.108670
       35   3       0.550560       0.108696       0.418346       0.108695
       36   1       0.551488       0.000000       0.806495      -0.000000
       36   2       0.597427       0.000000       0.503184      -0.000000
       36   3       0.597427       0.000000       0.503184      -0.000000
       37   1       0.507468       0.717862       0.717862      -0.717862
       37   2       0.654765      -0.084876      -0.084876      -0.292621
       37   3       0.654765       0.292621       0.292622       0.084876
       38   1       0.551488       0.806495       0.000000       0.000000
       38   2       0.597427       0.503184       0.000000       0.000000
       38   3       0.597427       0.503184       0.000000       0.000000
       39   1       0.332032       0.643608      -0.713038       0.713038
       39   2       0.547572       0.782100       0.108669      -0.108670
       39   3       0.550560       0.418346       0.108696      -0.108695
       40   1       0.109051       0.150024      -0.476524       0.476524
       40   2       0.476043       0.975327       0.267442      -0.267442
       40   3       0.549760       0.233481       0.211033      -0.211032
       41   1       0.172334      -0.758135       0.458315      -0.458315
       41   2       0.444291       0.933736       0.457423      -0.457423
       41   3       0.593929       0.027457       0.250359      -0.250358
       42   1       0.396379      -0.000000       0.706518      -0.706518
       42   2       0.499625       0.000000       0.557896      -0.557896
       42   3       0.651064       0.000000       0.157960      -0.157960
       43   1       0.551488      -0.000000       0.000000      -0.806495
       43   2       0.597427      -0.000000       0.000000      -0.503184
       43   3       0.597427      -0.000000       0.000000      -0.503184
       44   1       0.507468       0.717862      -0.717862      -0.717862
       44   2       0.654765      -0.084877      -0.292621      -0.292621
       44   3       0.654765       0.292621       0.084877       0.084877
       45   1       0.396379       0.706518      -0.706518       0.000000
       45   2       0.499625       0.557896      -0.557896       0.000000
       45   3       0.651064       0.157960      -0.157960       0.000000
       46   1       0.172334       0.458315      -0.458315       0.758135
       46   2       0.444291       0.457423      -0.457423      -0.933736
       46   3       0.593929       0.250358      -0.250358      -0.027457
       47   1       0.109051      -0.476524       0.476524      -0.150024
       47   2       0.476043       0.267442      -0.267442      -0.975327
       47   3       0.549760       0.211032      -0.211032      -0.233481
       48   1       0.332032      -0.713038       0.713038      -0.643608
       48   2       0.547572       0.108670      -0.108670      -0.782100
       48   3       0.550560       0.108696      -0.108696      -0.418346
       49   1       0.332032      -0.713038      -0.713038      -0.643608
       49   2       0.547572       0.108670       0.108669      -0.782100
       49   3       0.550560       0.108695       0.108696      -0.418346
       50   1       0.396379      -0.000000      -0.706518      -0.706518
       50   2       0.499625      -0.000000      -0.557896      -0.557896
       50   3       0.651064      -0.000000      -0.157960      -0.157960
       51   1       0.332032       0.713038      -0.643609      -0.713038
       51   2       0.547572      -0.108670      -0.782101       0.108670
       51   3       0.550560      -0.108696      -0.418347       0.108696
       52   1       0.246441       0.429876      -0.503252      -0.000000
       52   2       0.376931       0.607013      -0.355750      -0.000000
       52   3       0.500703      -0.173766      -0.824437       0.000000
       53   1       0.138105      -0.000000       0.259165       0.259165
       53   2       0.333058      -0.000000      -0.508277      -0.508277
       53   3       0.448761      -0.000000      -0.530871      -0.530871
       54   1       0.246441      -0.429876      -0.000000      -0.503252
       54   2       0.376931      -0.607014      -0.000000      -0.355750
       54   3       0.500703       0.173766      -0.000000      -0.824437
       55   1       0.109051      -0.476524      -0.476524      -0.150024
       55   2       0.476043       0.267442       0.267442      -0.975327
       55   3       0.549760       0.211032       0.211033      -0.233481
       56   1       0.172334      -0.758135      -0.458315      -0.458315
       56   2       0.444291       0.933736      -0.457423      -0.457423
       56   3       0.593929       0.027457      -0.250358      -0.250358
       57   1       0.246441       0.000000      -0.503252      -0.429876
       57   2       0.376931       0.000000      -0.355750      -0.607013
       57   3       0.500703      -0.000000      -0.824437       0.173766
       58   1       0.179809       0.121331      -0.603767      -0.121331
       58   2       0.358815       0.425657      -0.470808      -0.425657
       58   3       0.474162      -0.147007      -0.157874       0.147007
       59   1       0.145204      -0.246962       0.000000       0.000000
       59   2       0.346722       0.533964      -0.000000      -0.000001
       59   3       0.355598       0.351667       0.000000       0.000001
       60   1       0.138105      -0.000000      -0.259165       0.259165
       60   2       0.333058       0.000000       0.508277      -0.508277
       60   3       0.448761       0.000000       0.530871      -0.530871
       61   1       0.172334       0.458315       0.458315       0.758135
       61   2       0.444291       0.457423       0.457423      -0.933736
       61   3       0.593929       0.250358       0.250359      -0.027457
       62   1       0.109051       0.150024       0.476524       0.476524
       62   2       0.476043       0.975327      -0.267442      -0.267442
       62   3       0.549760       0.233481      -0.211032      -0.211032
       63   1       0.138105      -0.259165       0.259165       0.000000
       63   2       0.333058       0.508277      -0.508277       0.000000
       63   3       0.448761       0.530871      -0.530871       0.000000
       64   1       0.145204      -0.000000       0.000000       0.246962
       64   2       0.346722       0.000001      -0.000000      -0.533964
       64   3       0.355598      -0.000001       0.000000      -0.351667
       65   1       0.179809       0.121331       0.603767      -0.121331
       65   2       0.358815       0.425657       0.470808      -0.425657
       65   3       0.474162      -0.147007       0.157874       0.147007
       66   1       0.246441       0.429876       0.503252       0.000000
       66   2       0.376931       0.607014       0.355750       0.000000
       66   3       0.500703      -0.173766       0.824437       0.000000
       67   1       0.396379       0.706518       0.706518      -0.000000
       67   2       0.499625       0.557896       0.557896      -0.000000
       67   3       0.651064       0.157960       0.157960      -0.000000
       68   1       0.332032       0.643608       0.713038       0.713038
       68   2       0.547572       0.782100      -0.108670      -0.108670
       68   3       0.550560       0.418346      -0.108696      -0.108696
       69   1       0.246441       0.503252      -0.000000       0.429876
       69   2       0.376931       0.355750      -0.000000       0.607014
       69   3       0.500703       0.824437      -0.000000      -0.173766
       70   1       0.138105      -0.259165      -0.259165      -0.000000
       70   2       0.333058       0.508277       0.508277       0.000000
       70   3       0.448761       0.530871       0.530871      -0.000000
       71   1       0.246441      -0.000000       0.503252      -0.429876
       71   2       0.376931      -0.000000       0.355750      -0.607014
       71   3       0.500703      -0.000000       0.824437       0.173766
       72   1       0.332032       0.713038       0.643608      -0.713038
       72   2       0.547572      -0.108670       0.782100       0.108670
       72   3       0.550560      -0.108696       0.418346       0.108696
       73   1       0.228116       0.702358       0.702358      -0.702358
       73   2       0.616683      -0.080510      -0.080510      -0.240826
       73   3       0.616683       0.240826       0.240825       0.080510
       74   1       0.332032       0.643608       0.713038      -0.713038
       74   2       0.547572       0.782100      -0.108670       0.108669
       74   3       0.550560       0.418346      -0.108695       0.108696
       75   1       0.313491       1.050227      -0.000000      -0.000000
       75   2       0.486709       0.320292      -0.000000      -0.000000
       75   3       0.486709       0.320292      -0.000000      -0.000000
       76   1       0.179809       0.603767      -0.121331       0.121331
       76   2       0.358815       0.470808      -0.425658       0.425657
       76   3       0.474162       0.157874       0.147007      -0.147007
       77   1       0.164166      -0.000000       0.164987      -0.164987
       77   2       0.263719      -0.000000       0.177010      -0.177010
       77   3       0.518675       0.000000       0.266447      -0.266447
       78   1       0.172334       0.758135       0.458315      -0.458315
       78   2       0.444291      -0.933736       0.457423      -0.457423
       78   3       0.593929      -0.027457       0.250358      -0.250359
       79   1       0.332032       0.713038       0.713038      -0.643608
       79   2       0.547572      -0.108669      -0.108670      -0.782100
       79   3       0.550560      -0.108696      -0.108695      -0.418346
       80   1       0.396379       0.706518       0.000000      -0.706518
       80   2       0.499625       0.557896       0.000000      -0.557896
       80   3       0.651064       0.157960       0.000000      -0.157960
       81   1       0.332032       0.643609      -0.713038      -0.713038
       81   2       0.547572       0.782101       0.108670       0.108670
       81   3       0.550560       0.418347       0.108696       0.108696
       82   1       0.246441       0.503252      -0.429876      -0.000000
       82   2       0.376931       0.355750      -0.607013      -0.000000
       82   3       0.500703       0.824437       0.173766       0.000000
       83   1       0.138105      -0.259165       0.000000       0.259165
       83   2       0.333058       0.508277       0.000000      -0.508277
       83   3       0.448761       0.530871       0.000000      -0.530871
       84   1       0.246441       0.000000       0.429876      -0.503252
       84   2       0.376931       0.000000       0.607014      -0.355750
       84   3       0.500703       0.000000      -0.173766      -0.824437
       85   1       0.313491       0.000000      -0.000000      -1.050227
       85   2       0.486709       0.000000      -0.000000      -0.320292
       85   3       0.486709       0.000000      -0.000000      -0.320292
       86   1       0.332032       0.713038      -0.713038      -0.643609
       86   2       0.547572      -0.108670       0.108670      -0.782101
       86   3       0.550560      -0.108696       0.108696      -0.418347
       87   1       0.228116       0.702358      -0.702358      -0.702358
       87   2       0.616683      -0.080510      -0.240826      -0.240826
       87   3       0.616683       0.240826       0.080510       0.080510
       88   1       0.172334       0.458315      -0.458315      -0.758135
       88   2       0.444291       0.457423      -0.457423       0.933736
       88   3       0.593929       0.250359      -0.250359       0.027457
       89   1       0.164166       0.164987      -0.164987      -0.000000
       89   2       0.263719       0.177010      -0.177010      -0.000000
       89   3       0.518675       0.266447      -0.266447      -0.000000
       90   1       0.179809      -0.121331       0.121331      -0.603767
       90   2       0.358815      -0.425657       0.425657      -0.470808
       90   3       0.474162       0.147007      -0.147007      -0.157874
       91   1       0.179809      -0.121331      -0.121331      -0.603767
       91   2       0.358815      -0.425657      -0.425658      -0.470808
       91   3       0.474162       0.147007       0.147007      -0.157874
       92   1       0.246441       0.000000      -0.429876      -0.503252
       92   2       0.376931       0.000000      -0.607013      -0.355750
       92   3       0.500703      -0.000000       0.173766      -0.824437
       93   1       0.172334       0.758135      -0.458315      -0.458315
       93   2       0.444291      -0.933736      -0.457423      -0.457423
       93   3       0.593929      -0.027457      -0.250359      -0.250359
       94   1       0.109051       0.476524      -0.150024      -0.476524
       94   2       0.476043      -0.267442      -0.975327       0.267442
       94   3       0.549760      -0.211032      -0.233481       0.211032
       95   1       0.138105       0.000000       0.259165      -0.259165
       95   2       0.333058       0.000000      -0.508277       0.508277
       95   3       0.448761      -0.000000      -0.530871       0.530871
       96   1       0.145204       0.246962      -0.000000      -0.000000
       96   2       0.346722      -0.533964       0.000001       0.000000
       96   3       0.355598      -0.351667      -0.000001      -0.000000
       97   1       0.164166       0.164987       0.164987      -0.000000
       97   2       0.263719       0.177010       0.177010       0.000000
       97   3       0.518675       0.266447       0.266447       0.000000
       98   1       0.138105      -0.259165       0.000000       0.259165
       98   2       0.333058       0.508277       0.000000      -0.508277
       98   3       0.448761       0.530871       0.000000      -0.530871
       99   1       0.164166       0.000000      -0.164987      -0.164987
       99   2       0.263719       0.000000      -0.177010      -0.177010
       99   3       0.518675       0.000000      -0.266447      -0.266447
      100   1       0.138105       0.259165       0.259165      -0.000000
      100   2       0.333058      -0.508277      -0.508277      -0.000000
      100   3       0.448761      -0.530871      -0.530871       0.000000
      101   1       0.164166      -0.164987       0.000000       0.164987
      101   2       0.263719      -0.177010       0.000000       0.177010
      101   3       0.518675      -0.266447       0.000000       0.266447
      102   1       0.138105       0.000000      -0.259165      -0.259165
      102   2       0.333058       0.000000       0.508277       0.508277
      102   3       0.448761       0.000000       0.530871       0.530871
      103   1       0.172334       0.458315       0.458315      -0.758135
      103   2       0.444291       0.457423       0.457423       0.933736
      103   3       0.593929       0.250359       0.250358       0.027457
      104   1       0.246441       0.503252       0.429876      -0.000000
      104   2       0.376931       0.355750       0.607014      -0.000000
      104   3       0.500703       0.824437      -0.173766      -0.000000
      105   1       0.179809       0.603767       0.121331       0.121331
      105   2       0.358815       0.470808       0.425657       0.425657
      105   3       0.474162       0.157874      -0.147007      -0.147007
      106   1       0.145204       0.000000      -0.000000      -0.246962
      106   2       0.346722       0.000000       0.000001       0.533964
      106   3       0.355598       0.000000      -0.000001       0.351667
      107   1       0.138105       0.259165      -0.259165      -0.000000
      107   2       0.333058      -0.508277       0.508277      -0.000000
      107   3       0.448761      -0.530871       0.530871      -0.000000
      108   1       0.109051       0.476524       0.150024      -0.476524
      108   2       0.476043      -0.267442       0.975327       0.267442
      108   3       0.549760      -0.211032       0.233481       0.211032
      109   1       0.051492      -0.000000       0.000000      -0.000000
      109   2       0.601241      -0.000000      -0.000000      -0.000000
      109   3       0.601241       0.000000       0.000000       0.000000
      110   1       0.109051       0.150024       0.476524      -0.476524
      110   2       0.476043       0.975327      -0.267442       0.267442
      110   3       0.549760       0.233481      -0.211032       0.211033
      111   1       0.179809       0.603767       0.121331      -0.121331
      111   2       0.358815       0.470808       0.425657      -0.425658
      111   3       0.474162       0.157874      -0.147007       0.147007
      112   1       0.107580       0.000000      -0.000000      -0.000000
      112   2       0.443971      -0.000000      -0.000000      -0.000000
      112   3       0.443971       0.000000       0.000000       0.000000
      113   1       0.179809      -0.603767      -0.121331       0.121331
      113   2       0.358815      -0.470808      -0.425657       0.425658
      113   3       0.474162      -0.157874       0.147007      -0.147007
      114   1       0.109051      -0.150024      -0.476524       0.476524
      114   2       0.476043      -0.975327       0.267442      -0.267442
      114   3       0.549760      -0.233481       0.211032      -0.211033
      115   1       0.109051       0.476524       0.476524      -0.150024
      115   2       0.476043      -0.267442      -0.267442      -0.975327
      115   3       0.549760      -0.211033      -0.211032      -0.233481
      116   1       0.172334       0.458315       0.758135      -0.458315
      116   2       0.444291       0.457423      -0.933736      -0.457423
      116   3       0.593929       0.250358      -0.027457      -0.250358
      117   1       0.246441       0.503252      -0.000000      -0.429876
      117   2       0.376931       0.355750      -0.000000      -0.607013
      117   3       0.500703       0.824437       0.000000       0.173766
      118   1       0.179809       0.603767      -0.121331      -0.121331
      118   2       0.358815       0.470807      -0.425657      -0.425657
      118   3       0.474162       0.157874       0.147007       0.147007
      119   1       0.145204      -0.000000       0.246962       0.000000
      119   2       0.346722       0.000000      -0.533964      -0.000001
      119   3       0.355598      -0.000000      -0.351667       0.000001
      120   1       0.138105       0.259165      -0.000000       0.259165
      120   2       0.333058      -0.508277       0.000000      -0.508277
      120   3       0.448761      -0.530871      -0.000000      -0.530871
      121   1       0.179809       0.121331       0.121331      -0.603767
      121   2       0.358815       0.425658       0.425657      -0.470808
      121   3       0.474162      -0.147007      -0.147007      -0.157874
      122   1       0.246441       0.429876      -0.000000      -0.503252
      122   2       0.376931       0.607013      -0.000000      -0.355750
      122   3       0.500703      -0.173766       0.000000      -0.824437
      123   1       0.172334       0.458315      -0.758135      -0.458315
      123   2       0.444291       0.457423       0.933736      -0.457423
      123   3       0.593929       0.250359       0.027457      -0.250359
      124   1       0.109051       0.150024      -0.476524      -0.476524
      124   2       0.476043       0.975327       0.267442       0.267442
      124   3       0.549760       0.233481       0.211032       0.211032
      125   1       0.138105      -0.259165      -0.000000      -0.259165
      125   2       0.333058       0.508277       0.000000       0.508277
      125   3       0.448761       0.530871      -0.000000       0.530871
      126   1       0.145204       0.000000      -0.246962      -0.000000
      126   2       0.346722      -0.000001       0.533964      -0.000000
      126   3       0.355598       0.000001       0.351667      -0.000000
      127   1       0.107580       0.000000       0.000000      -0.000000
      127   2       0.443971      -0.000000      -0.000000      -0.000000
      127   3       0.443971       0.000000       0.000000       0.000000
      128   1       0.179809       0.121331      -0.121331      -0.603767
      128   2       0.358815       0.425657      -0.425657      -0.470807
      128   3       0.474162      -0.147007       0.147007      -0.157874
      129   1       0.109051       0.476524      -0.476524      -0.150024
      129   2       0.476043      -0.267442       0.267442      -0.975327
      129   3       0.549760      -0.211032       0.211032      -0.233481
      130   1       0.051492       0.000000      -0.000000       0.000000
      130   2       0.601241      -0.000000      -0.000000      -0.000000
      130   3       0.601241       0.000000       0.000000       0.000000
      131   1       0.109051      -0.476524       0.476524       0.150024
      131   2       0.476043       0.267442      -0.267442       0.975327
      131   3       0.549760       0.211032      -0.211032       0.233481
      132   1       0.179809      -0.121331       0.121331       0.603767
      132   2       0.358815      -0.425657       0.425657       0.470808
      132   3       0.474162       0.147007      -0.147007       0.157874
      133   1       0.179809      -0.121331      -0.121331       0.603767
      133   2       0.358815      -0.425658      -0.425657       0.470808
      133   3       0.474162       0.147007       0.147007       0.157874
      134   1       0.145204      -0.000000       0.246962       0.000000
      134   2       0.346722       0.000001      -0.533964      -0.000000
      134   3       0.355598      -0.000001      -0.351667       0.000000
      135   1       0.138105       0.259165      -0.000000       0.259165
      135   2       0.333058      -0.508277       0.000000      -0.508277
      135   3       0.448761      -0.530871       0.000000      -0.530871
      136   1       0.109051      -0.150024       0.476524       0.476524
      136   2       0.476043      -0.975327      -0.267442      -0.267442
      136   3       0.549760      -0.233481      -0.211032      -0.211032
      137   1       0.172334      -0.458315       0.758135       0.458315
      137   2       0.444291      -0.457423      -0.933736       0.457423
      137   3       0.593929      -0.250359      -0.027457       0.250359
      138   1       0.246441      -0.429876       0.000000       0.503252
      138   2       0.376931      -0.607013       0.000000       0.355750
      138   3       0.500703       0.173766      -0.000000       0.824437
      139   1       0.109051      -0.476524      -0.476524       0.150024
      139   2       0.476043       0.267442       0.267442       0.975327
      139   3       0.549760       0.211033       0.211032       0.233481
      140   1       0.138105      -0.259165       0.000000      -0.259165
      140   2       0.333058       0.508277      -0.000000       0.508277
      140   3       0.448761       0.530871       0.000000       0.530871
      141   1       0.145204       0.000000      -0.246962      -0.000000
      141   2       0.346722      -0.000000       0.533964       0.000001
      141   3       0.355598       0.000000       0.351667      -0.000001
      142   1       0.179809      -0.603767       0.121331       0.121331
      142   2       0.358815      -0.470808       0.425657       0.425657
      142   3       0.474162      -0.157874      -0.147007      -0.147007
      143   1       0.246441      -0.503252       0.000000       0.429876
      143   2       0.376931      -0.355750       0.000000       0.607013
      143   3       0.500703      -0.824437      -0.000000      -0.173766
      144   1       0.172334      -0.458315      -0.758135       0.458315
      144   2       0.444291      -0.457423       0.933736       0.457423
      144   3       0.593929      -0.250358       0.027457       0.250358
      145   1       0.228116      -0.702358      -0.702358       0.702358
      145   2       0.616683      -0.240826      -0.240825      -0.080510
      145   3       0.616683       0.080510       0.080510       0.240826
      146   1       0.172334      -0.758135      -0.458315       0.458315
      146   2       0.444291       0.933736      -0.457423       0.457423
      146   3       0.593929       0.027457      -0.250358       0.250359
      147   1       0.164166       0.000000      -0.164987       0.164987
      147   2       0.263719      -0.000000      -0.177010       0.177010
      147   3       0.518675      -0.000000      -0.266447       0.266447
      148   1       0.179809      -0.603767       0.121331      -0.121331
      148   2       0.358815      -0.470808       0.425658      -0.425657
      148   3       0.474162      -0.157874      -0.147007       0.147007
      149   1       0.313491      -1.050227       0.000000       0.000000
      149   2       0.486709      -0.320292       0.000000       0.000000
      149   3       0.486709      -0.320292       0.000000       0.000000
      150   1       0.332032      -0.643608      -0.713038       0.713038
      150   2       0.547572      -0.782100       0.108670      -0.108669
      150   3       0.550560      -0.418346       0.108695      -0.108696
      151   1       0.172334      -0.458315      -0.458315       0.758135
      151   2       0.444291      -0.457423      -0.457423      -0.933736
      151   3       0.593929      -0.250359      -0.250358      -0.027457
      152   1       0.109051      -0.476524      -0.150024       0.476524
      152   2       0.476043       0.267442      -0.975327      -0.267442
      152   3       0.549760       0.211032      -0.233481      -0.211032
      153   1       0.138105      -0.259165       0.259165       0.000000
      153   2       0.333058       0.508277      -0.508277       0.000000
      153   3       0.448761       0.530871      -0.530871       0.000000
      154   1       0.145204      -0.000000       0.000000       0.246962
      154   2       0.346722       0.000000      -0.000001      -0.533964
      154   3       0.355598      -0.000000       0.000001      -0.351667
      155   1       0.179809      -0.603767      -0.121331      -0.121331
      155   2       0.358815      -0.470808      -0.425657      -0.425657
      155   3       0.474162      -0.157874       0.147007       0.147007
      156   1       0.246441      -0.503252      -0.429876       0.000000
      156   2       0.376931      -0.355750      -0.607014       0.000000
      156   3       0.500703      -0.824437       0.173766       0.000000
      157   1       0.164166      -0.164987      -0.164987      -0.000000
      157   2       0.263719      -0.177010      -0.177010       0.000000
      157   3       0.518675      -0.266447      -0.266447       0.000000
      158   1       0.138105      -0.000000       0.259165       0.259165
      158   2       0.333058      -0.000000      -0.508277      -0.508277
      158   3       0.448761      -0.000000      -0.530871      -0.530871
      159   1       0.164166       0.164987      -0.000000      -0.164987
      159   2       0.263719       0.177010      -0.000000      -0.177010
      159   3       0.518675       0.266447      -0.000000      -0.266447
      160   1       0.138105      -0.259165      -0.259165      -0.000000
      160   2       0.333058       0.508277       0.508277      -0.000000
      160   3       0.448761       0.530871       0.530871      -0.000000
      161   1       0.164166      -0.000000       0.164987       0.164987
      161   2       0.263719      -0.000000       0.177010       0.177010
      161   3       0.518675      -0.000000       0.266447       0.266447
      162   1       0.138105       0.259165      -0.000000      -0.259165
      162   2       0.333058      -0.508277      -0.000000       0.508277
      162   3       0.448761      -0.530871      -0.000000       0.530871
      163   1       0.179809       0.121331       0.121331       0.603767
      163   2       0.358815       0.425657       0.425658       0.470808
      163   3       0.474162      -0.147007      -0.147007       0.157874
      164   1       0.145204      -0.246962       0.000000       0.000000
      164   2       0.346722       0.533964      -0.000001       0.000000
      164   3       0.355598       0.351667       0.000001       0.000000
      165   1       0.138105      -0.000000      -0.259165       0.259165
      165   2       0.333058       0.000000       0.508277      -0.508277
      165   3       0.448761       0.000000       0.530871      -0.530871
      166   1       0.109051      -0.476524       0.150024       0.476524
      166   2       0.476043       0.267442       0.975327      -0.267442
      166   3       0.549760       0.211032       0.233481      -0.211032
      167   1       0.172334      -0.758135       0.458315       0.458315
      167   2       0.444291       0.933736       0.457423       0.457423
      167   3       0.593929       0.027457       0.250359       0.250359
      168   1       0.246441      -0.000000       0.429876       0.503252
      168   2       0.376931      -0.000000       0.607013       0.355750
      168   3       0.500703       0.000000      -0.173766       0.824437
      169   1       0.313491      -0.000000       0.000000       1.050227
      169   2       0.486709      -0.000000       0.000000       0.320292
      169   3       0.486709      -0.000000       0.000000       0.320292
      170   1       0.179809       0.121331      -0.121331       0.603767
      170   2       0.358815       0.425657      -0.425657       0.470808
      170   3       0.474162      -0.147007       0.147007       0.157874
      171   1       0.164166      -0.164987       0.164987       0.000000
      171   2       0.263719      -0.177010       0.177010       0.000000
      171   3       0.518675      -0.266447       0.266447       0.000000
      172   1       0.172334      -0.458315       0.458315       0.758135
      172   2       0.444291      -0.457423       0.457423      -0.933736
      172   3       0.593929      -0.250359       0.250359      -0.027457
      173   1       0.228116      -0.702358       0.702358       0.702358
      173   2       0.616683      -0.240826      -0.080510      -0.080510
      173   3       0.616683       0.080510       0.240826       0.240826
      174   1       0.332032      -0.713038       0.713038       0.643609
      174   2       0.547572       0.108670      -0.108670       0.782101
      174   3       0.550560       0.108696      -0.108696       0.418347
      175   1       0.332032      -0.713038      -0.713038       0.643608
      175   2       0.547572       0.108669       0.108670       0.782100
      175   3       0.550560       0.108696       0.108695       0.418346
      176   1       0.246441      -0.000000      -0.429876       0.503252
      176   2       0.376931      -0.000000      -0.607014       0.355750
      176   3       0.500703      -0.000000       0.173766       0.824437
      177   1       0.138105       0.259165      -0.000000      -0.259165
      177   2       0.333058      -0.508277      -0.000000       0.508277
      177   3       0.448761      -0.530871      -0.000000       0.530871
      178   1       0.246441      -0.503252       0.429876       0.000000
      178   2       0.376931      -0.355750       0.607013       0.000000
      178   3       0.500703      -0.824437      -0.173766      -0.000000
      179   1       0.332032      -0.643609       0.713038       0.713038
      179   2       0.547572      -0.782101      -0.108670      -0.108670
      179   3       0.550560      -0.418347      -0.108696      -0.108696
      180   1       0.396379      -0.706518      -0.000000       0.706518
      180   2       0.499625      -0.557896      -0.000000       0.557896
      180   3       0.651064      -0.157960      -0.000000       0.157960
      181   1       0.507468      -0.717862      -0.717862       0.717862
      181   2       0.654765      -0.292621      -0.292622      -0.084876
      181   3       0.654765       0.084876       0.084876       0.292621
      182   1       0.396379      -0.000000      -0.706518       0.706518
      182   2       0.499625       0.000000      -0.557896       0.557896
      182   3       0.651064       0.000000      -0.157960       0.157960
      183   1       0.172334       0.758135      -0.458315       0.458315
      183   2       0.444291      -0.933736      -0.457423       0.457423
      183   3       0.593929      -0.027457      -0.250359       0.250358
      184   1       0.109051      -0.150024       0.476524      -0.476524
      184   2       0.476043      -0.975327      -0.267442       0.267442
      184   3       0.549760      -0.233481      -0.211033       0.211032
      185   1       0.332032      -0.643608       0.713038      -0.713038
      185   2       0.547572      -0.782100      -0.108669       0.108670
      185   3       0.550560      -0.418346      -0.108696       0.108695
      186   1       0.551488      -0.806495      -0.000000      -0.000000
      186   2       0.597427      -0.503184      -0.000000      -0.000000
      186   3       0.597427      -0.503184      -0.000000      -0.000000
      187   1       0.396379      -0.706518      -0.706518      -0.000000
      187   2       0.499625      -0.557896      -0.557896      -0.000000
      187   3       0.651064      -0.157960      -0.157960       0.000000
      188   1       0.332032      -0.713038      -0.643608       0.713038
      188   2       0.547572       0.108670      -0.782100      -0.108670
      188   3       0.550560       0.108696      -0.418346      -0.108696
      189   1       0.246441       0.000000      -0.503252       0.429876
      189   2       0.376931       0.000000      -0.355750       0.607014
      189   3       0.500703       0.000000      -0.824437      -0.173766
      190   1       0.138105       0.259165       0.259165      -0.000000
      190   2       0.333058      -0.508277      -0.508277      -0.000000
      190   3       0.448761      -0.530871      -0.530871       0.000000
      191   1       0.246441      -0.503252       0.000000      -0.429876
      191   2       0.376931      -0.355750       0.000000      -0.607014
      191   3       0.500703      -0.824437       0.000000       0.173766
      192   1       0.332032      -0.643608      -0.713038      -0.713038
      192   2       0.547572      -0.782100       0.108670       0.108670
      192   3       0.550560      -0.418346       0.108696       0.108696
      193   1       0.172334      -0.458315      -0.458315      -0.758135
      193   2       0.444291      -0.457423      -0.457423       0.933736
      193   3       0.593929      -0.250358      -0.250359       0.027457
      194   1       0.246441      -0.429876      -0.503252      -0.000000
      194   2       0.376931      -0.607014      -0.355750      -0.000000
      194   3       0.500703       0.173766      -0.824437      -0.000000
      195   1       0.179809      -0.121331      -0.603767       0.121331
      195   2       0.358815      -0.425657      -0.470808       0.425657
      195   3       0.474162       0.147007      -0.157874      -0.147007
      196   1       0.145204       0.000000      -0.000000      -0.246962
      196   2       0.346722      -0.000001       0.000000       0.533964
      196   3       0.355598       0.000001      -0.000000       0.351667
      197   1       0.138105       0.259165      -0.259165      -0.000000
      197   2       0.333058      -0.508277       0.508277      -0.000000
      197   3       0.448761      -0.530871       0.530871      -0.000000
      198   1       0.109051      -0.150024      -0.476524      -0.476524
      198   2       0.476043      -0.975327       0.267442       0.267442
      198   3       0.549760      -0.233481       0.211032       0.211032
      199   1       0.109051       0.476524       0.476524       0.150024
      199   2       0.476043      -0.267442      -0.267442       0.975327
      199   3       0.549760      -0.211032      -0.211033       0.233481
      200   1       0.138105      -0.000000       0.259165      -0.259165
      200   2       0.333058       0.000000      -0.508277       0.508277
      200   3       0.448761      -0.000000      -0.530871       0.530871
      201   1       0.145204       0.246962      -0.000000      -0.000000
      201   2       0.346722      -0.533964       0.000000       0.000001
      201   3       0.355598      -0.351667      -0.000000      -0.000001
      202   1       0.179809      -0.121331       0.603767       0.121331
      202   2       0.358815      -0.425657       0.470808       0.425657
      202   3       0.474162       0.147007       0.157874      -0.147007
      203   1       0.246441      -0.000000       0.503252       0.429876
      203   2       0.376931      -0.000000       0.355750       0.607013
      203   3       0.500703       0.000000       0.824437      -0.173766
      204   1       0.172334       0.758135       0.458315       0.458315
      204   2       0.444291      -0.933736       0.457423       0.457423
      204   3       0.593929      -0.027457       0.250358       0.250358
      205   1       0.332032       0.713038       0.713038       0.643608
      205   2       0.547572      -0.108670      -0.108669       0.782100
      205   3       0.550560      -0.108695      -0.108696       0.418346
      206   1       0.246441       0.429876       0.000000       0.503252
      206   2       0.376931       0.607014       0.000000       0.355750
      206   3       0.500703      -0.173766       0.000000       0.824437
      207   1       0.138105       0.000000      -0.259165      -0.259165
      207   2       0.333058       0.000000       0.508277       0.508277
      207   3       0.448761       0.000000       0.530871       0.530871
      208   1       0.246441      -0.429876       0.503252       0.000000
      208   2       0.376931      -0.607013       0.355750       0.000000
      208   3       0.500703       0.173766       0.824437      -0.000000
      209   1       0.332032      -0.713038       0.643609       0.713038
      209   2       0.547572       0.108670       0.782101      -0.108670
      209   3       0.550560       0.108696       0.418347      -0.108696
      210   1       0.396379       0.000000       0.706518       0.706518
      210   2       0.499625       0.000001       0.557896       0.557896
      210   3       0.651064       0.000000       0.157960       0.157960
      211   1       0.551488       0.000000      -0.000000       0.806495
      211   2       0.597427       0.000000      -0.000000       0.503184
      211   3       0.597427       0.000000      -0.000000       0.503184
      212   1       0.332032       0.713038      -0.713038       0.643608
      212   2       0.547572      -0.108670       0.108670       0.782100
      212   3       0.550560      -0.108696       0.108696       0.418346
      213   1       0.109051       0.476524      -0.476524       0.150024
      213   2       0.476043      -0.267442       0.267442       0.975327
      213   3       0.549760      -0.211032       0.211032       0.233481
      214   1       0.172334      -0.458315       0.458315      -0.758135
      214   2       0.444291      -0.457423       0.457423       0.933736
      214   3       0.593929      -0.250358       0.250358       0.027457
      215   1       0.396379      -0.706518       0.706518      -0.000000
      215   2       0.499625      -0.557896       0.557896      -0.000000
      215   3       0.651064      -0.157960       0.157960      -0.000000
      216   1       0.507468      -0.717862       0.717862       0.717862
      216   2       0.654765      -0.292621      -0.084877      -0.084877
      216   3       0.654765       0.084877       0.292621       0.292621
